m: 0.0
mabs :0.0
stdev: 0.0
time: [0.0104627609, 9.29832458e-05]
 